$IMPR_max
             NM         BFGS           CG           LB         SANN        TOTAL
1  6.576795e-03 0.000000e+00 0.000000e+00 1.080733e-15 1.681591e-04 0.000000e+00
2  0.000000e+00 0.000000e+00 0.000000e+00 0.000000e+00 0.000000e+00 0.000000e+00
3  0.000000e+00 0.000000e+00 0.000000e+00 0.000000e+00 6.564564e-11 6.564564e-11
4  5.322680e-10 1.665335e-16 5.464379e-17 0.000000e+00 0.000000e+00 5.322682e-10
5  0.000000e+00 0.000000e+00 0.000000e+00 0.000000e+00 0.000000e+00 0.000000e+00
6  0.000000e+00 0.000000e+00 0.000000e+00 0.000000e+00 0.000000e+00 0.000000e+00
7  0.000000e+00 0.000000e+00 0.000000e+00 0.000000e+00 0.000000e+00 0.000000e+00
8  0.000000e+00 0.000000e+00 0.000000e+00 0.000000e+00 0.000000e+00 0.000000e+00
9  0.000000e+00 0.000000e+00 0.000000e+00 0.000000e+00 0.000000e+00 0.000000e+00
10 0.000000e+00 0.000000e+00 0.000000e+00 0.000000e+00 0.000000e+00 0.000000e+00
11 0.000000e+00 0.000000e+00 0.000000e+00 0.000000e+00 0.000000e+00 0.000000e+00
12 0.000000e+00 0.000000e+00 0.000000e+00 0.000000e+00 0.000000e+00 0.000000e+00
13 0.000000e+00 0.000000e+00 0.000000e+00 0.000000e+00 0.000000e+00 0.000000e+00
14 0.000000e+00 0.000000e+00 0.000000e+00 0.000000e+00 0.000000e+00 0.000000e+00
15 0.000000e+00 0.000000e+00 0.000000e+00 0.000000e+00 0.000000e+00 0.000000e+00
16 0.000000e+00 0.000000e+00 0.000000e+00 0.000000e+00 0.000000e+00 0.000000e+00
17 0.000000e+00 0.000000e+00 0.000000e+00 0.000000e+00 0.000000e+00 0.000000e+00
18 0.000000e+00 0.000000e+00 0.000000e+00 0.000000e+00 0.000000e+00 0.000000e+00
19 0.000000e+00 0.000000e+00 0.000000e+00 0.000000e+00 0.000000e+00 0.000000e+00
20 0.000000e+00 0.000000e+00 0.000000e+00 0.000000e+00 0.000000e+00 0.000000e+00

$IMPR_max_copy
      NM BFGS CG LB SANN TOTAL
1  0.007    0  0  0    0     0
2  0.000    0  0  0    0     0
3  0.000    0  0  0    0     0
4  0.000    0  0  0    0     0
5  0.000    0  0  0    0     0
6  0.000    0  0  0    0     0
7  0.000    0  0  0    0     0
8  0.000    0  0  0    0     0
9  0.000    0  0  0    0     0
10 0.000    0  0  0    0     0
11 0.000    0  0  0    0     0
12 0.000    0  0  0    0     0
13 0.000    0  0  0    0     0
14 0.000    0  0  0    0     0
15 0.000    0  0  0    0     0
16 0.000    0  0  0    0     0
17 0.000    0  0  0    0     0
18 0.000    0  0  0    0     0
19 0.000    0  0  0    0     0
20 0.000    0  0  0    0     0

$TIME_max
     NM BFGS   CG   LB  SANN
1  0.23 0.06 0.05 0.22 82.51
2  0.66 0.20 0.44 0.77 88.39
3  0.68 0.21 0.43 0.72 88.78
4  0.65 0.20 1.05 0.78 72.70
5  0.62 0.24 0.30 0.79 70.53
6  0.57 0.25 0.22 0.95 69.76
7  0.56 0.22 0.22 0.77 74.32
8  0.55 0.22 0.22 0.75 83.04
9  0.74 0.23 0.22 0.77 83.09
10 0.56 0.24 0.23 0.92 78.69
11 0.67 0.24 0.30 0.81 71.47
12 0.61 0.24 0.31 1.14 79.81
13 0.58 0.23 0.22 0.75 72.28
14 0.58 0.21 0.21 0.75 87.91
15 0.57 0.22 0.22 0.77 84.53
16 0.64 0.23 0.30 0.78 75.00
17 0.56 0.25 0.22 0.92 70.44
18 0.58 0.22 0.23 0.77 77.01
19 0.58 0.22 0.24 0.76 73.85
20 0.57 0.22 0.24 0.76 72.21

$best_par
[1] 125.0290901   0.8891813

$best_ab
[1] 125.0291 127.4622

$best_val
[1] 0.006744955

$solve_res
[1] -0.006744955

