$IMPR_max
             NM         BFGS           CG           LB         SANN
1  7.246027e-03 1.462806e-13 2.170668e-13 0.000000e+00 1.196732e-03
2  0.000000e+00 0.000000e+00 0.000000e+00 0.000000e+00 5.832487e-14
3  0.000000e+00 0.000000e+00 0.000000e+00 8.673617e-18 1.690863e-12
4  0.000000e+00 1.231862e-13 2.981122e-14 0.000000e+00 0.000000e+00
5  0.000000e+00 0.000000e+00 0.000000e+00 0.000000e+00 0.000000e+00
6  0.000000e+00 0.000000e+00 0.000000e+00 0.000000e+00 2.387084e-13
7  0.000000e+00 0.000000e+00 0.000000e+00 0.000000e+00 1.262584e-03
8  1.300652e-09 0.000000e+00 0.000000e+00 0.000000e+00 0.000000e+00
9  0.000000e+00 0.000000e+00 0.000000e+00 0.000000e+00 0.000000e+00
10 0.000000e+00 0.000000e+00 0.000000e+00 0.000000e+00 0.000000e+00
11 0.000000e+00 0.000000e+00 0.000000e+00 0.000000e+00 0.000000e+00
12 0.000000e+00 0.000000e+00 0.000000e+00 0.000000e+00 0.000000e+00
13 0.000000e+00 0.000000e+00 0.000000e+00 0.000000e+00 0.000000e+00
14 0.000000e+00 0.000000e+00 0.000000e+00 0.000000e+00 0.000000e+00
15 0.000000e+00 0.000000e+00 0.000000e+00 0.000000e+00 0.000000e+00
16 0.000000e+00 0.000000e+00 0.000000e+00 0.000000e+00 0.000000e+00
17 0.000000e+00 0.000000e+00 0.000000e+00 0.000000e+00 0.000000e+00
18 0.000000e+00 0.000000e+00 0.000000e+00 0.000000e+00 0.000000e+00
19 0.000000e+00 0.000000e+00 0.000000e+00 0.000000e+00 3.927948e-05
20 1.388807e-09 0.000000e+00 0.000000e+00 0.000000e+00 0.000000e+00
          TOTAL
1  0.000000e+00
2  5.832487e-14
3  1.690871e-12
4  1.529974e-13
5  0.000000e+00
6  2.387084e-13
7  1.262584e-03
8  1.300652e-09
9  0.000000e+00
10 0.000000e+00
11 0.000000e+00
12 0.000000e+00
13 0.000000e+00
14 0.000000e+00
15 0.000000e+00
16 0.000000e+00
17 0.000000e+00
18 0.000000e+00
19 3.927948e-05
20 1.388807e-09

$IMPR_max_copy
      NM BFGS CG LB  SANN TOTAL
1  0.007    0  0  0 0.001 0.000
2  0.000    0  0  0 0.000 0.000
3  0.000    0  0  0 0.000 0.000
4  0.000    0  0  0 0.000 0.000
5  0.000    0  0  0 0.000 0.000
6  0.000    0  0  0 0.000 0.000
7  0.000    0  0  0 0.001 0.001
8  0.000    0  0  0 0.000 0.000
9  0.000    0  0  0 0.000 0.000
10 0.000    0  0  0 0.000 0.000
11 0.000    0  0  0 0.000 0.000
12 0.000    0  0  0 0.000 0.000
13 0.000    0  0  0 0.000 0.000
14 0.000    0  0  0 0.000 0.000
15 0.000    0  0  0 0.000 0.000
16 0.000    0  0  0 0.000 0.000
17 0.000    0  0  0 0.000 0.000
18 0.000    0  0  0 0.000 0.000
19 0.000    0  0  0 0.000 0.000
20 0.000    0  0  0 0.000 0.000

$TIME_max
     NM BFGS   CG   LB  SANN
1  1.38 0.15 0.66 0.75 72.30
2  0.03 0.04 0.03 0.75 71.90
3  0.03 0.03 0.05 0.20 72.32
4  0.03 0.17 0.41 0.88 72.46
5  0.05 0.22 0.20 0.78 72.58
6  0.03 0.19 0.19 0.76 73.57
7  0.04 0.19 0.19 0.78 74.20
8  1.74 0.31 0.31 0.82 74.03
9  1.70 0.31 0.31 0.82 73.40
10 1.72 0.30 0.31 0.80 74.50
11 1.69 0.31 0.31 0.81 74.94
12 1.68 0.32 0.31 0.81 74.05
13 1.72 0.31 0.31 0.78 73.10
14 1.68 0.30 0.31 0.82 74.09
15 1.70 0.32 0.31 0.83 73.09
16 1.67 0.31 0.30 0.81 73.86
17 1.71 0.31 0.30 0.81 73.69
18 1.70 0.31 0.31 0.80 75.78
19 1.66 0.31 0.31 0.82 74.06
20 2.22 0.20 0.19 0.82 73.51

$best_par
[1] 98.889666  4.297678

$best_val
[1] 0.009744625

$solve_res
[1] -0.009744625

