$IMPR_max
             NM          BFGS           CG LB         SANN        TOTAL
1  6.206978e-03 -3.921956e-11 0.000000e+00  0 0.000000e+00 0.000000e+00
2  0.000000e+00 -3.921956e-11 0.000000e+00  0 3.946736e-04 3.946736e-04
3  7.407861e-09  0.000000e+00 2.360526e-10  0 1.230341e-03 1.230348e-03
4  9.192108e-05  0.000000e+00 0.000000e+00  0 0.000000e+00 9.192108e-05
5  0.000000e+00  0.000000e+00 0.000000e+00  0 0.000000e+00 0.000000e+00
6  0.000000e+00  0.000000e+00 0.000000e+00  0 0.000000e+00 0.000000e+00
7  0.000000e+00  0.000000e+00 0.000000e+00  0 1.610044e-04 1.610044e-04
8  1.214306e-16  0.000000e+00 0.000000e+00  0 2.428613e-17 1.457168e-16
9  0.000000e+00  0.000000e+00 0.000000e+00  0 3.469447e-18 3.469447e-18
10 1.009609e-15  0.000000e+00 0.000000e+00  0 0.000000e+00 1.009609e-15
11 1.409482e-06  0.000000e+00 0.000000e+00  0 0.000000e+00 1.409482e-06
12 2.744038e-07  0.000000e+00 0.000000e+00  0 0.000000e+00 2.744038e-07
13 0.000000e+00  0.000000e+00 0.000000e+00  0 0.000000e+00 0.000000e+00
14 0.000000e+00  0.000000e+00 0.000000e+00  0 0.000000e+00 0.000000e+00
15 0.000000e+00  0.000000e+00 0.000000e+00  0 0.000000e+00 0.000000e+00
16 0.000000e+00  0.000000e+00 0.000000e+00  0 0.000000e+00 0.000000e+00
17 0.000000e+00  0.000000e+00 0.000000e+00  0 0.000000e+00 0.000000e+00
18 0.000000e+00  0.000000e+00 0.000000e+00  0 0.000000e+00 0.000000e+00
19 0.000000e+00  0.000000e+00 0.000000e+00  0 0.000000e+00 0.000000e+00
20 0.000000e+00  0.000000e+00 0.000000e+00  0 0.000000e+00 0.000000e+00

$IMPR_max_copy
      NM BFGS CG LB  SANN TOTAL
1  0.006    0  0  0 0.000 0.000
2  0.000    0  0  0 0.000 0.000
3  0.000    0  0  0 0.001 0.001
4  0.000    0  0  0 0.000 0.000
5  0.000    0  0  0 0.000 0.000
6  0.000    0  0  0 0.000 0.000
7  0.000    0  0  0 0.000 0.000
8  0.000    0  0  0 0.000 0.000
9  0.000    0  0  0 0.000 0.000
10 0.000    0  0  0 0.000 0.000
11 0.000    0  0  0 0.000 0.000
12 0.000    0  0  0 0.000 0.000
13 0.000    0  0  0 0.000 0.000
14 0.000    0  0  0 0.000 0.000
15 0.000    0  0  0 0.000 0.000
16 0.000    0  0  0 0.000 0.000
17 0.000    0  0  0 0.000 0.000
18 0.000    0  0  0 0.000 0.000
19 0.000    0  0  0 0.000 0.000
20 0.000    0  0  0 0.000 0.000

$TIME_max
     NM BFGS   CG   LB  SANN
1  2.24 0.20 0.19 0.79 74.07
2  0.54 0.19 0.20 0.78 74.19
3  1.22 0.14 0.72 0.76 73.52
4  2.03 0.20 0.86 0.78 74.11
5  2.12 0.22 0.86 0.78 73.86
6  2.16 0.20 0.89 0.77 73.82
7  2.11 0.22 0.88 0.76 73.11
8  0.52 0.20 0.20 0.79 74.93
9  2.00 0.08 0.05 0.47 75.16
10 0.69 0.31 0.31 0.88 76.47
11 2.06 0.19 0.43 0.42 76.49
12 2.14 0.12 0.05 0.55 77.01
13 2.16 0.11 0.05 0.54 77.60
14 2.22 0.12 0.05 0.54 75.27
15 2.14 0.13 0.03 0.54 77.49
16 2.15 0.11 0.05 0.53 75.85
17 2.23 0.13 0.04 0.55 79.72
18 2.14 0.12 0.03 0.55 80.30
19 2.14 0.12 0.04 0.53 77.90
20 2.36 0.13 0.03 0.55 73.89

$best_par
[1] 139.238950   3.051186

$best_val
[1] 0.008086609

$solve_res
[1] -0.008086609

