$IMPR_max
             NM          BFGS CG LB                 SANN        TOTAL
1  7.685946e-02  0.000000e+00  0  0              NOT RUN 7.685946e-02
2  0.000000e+00  0.000000e+00  0  0                    0 0.000000e+00
3  0.000000e+00  0.000000e+00  0  0    0.459767885236266 4.597679e-01
4  6.650099e+00  0.000000e+00  0  0              NOT RUN 6.650099e+00
5  0.000000e+00  0.000000e+00  0  0                    0 0.000000e+00
6  0.000000e+00  0.000000e+00  0  0                    0 0.000000e+00
7  0.000000e+00  0.000000e+00  0  0                    0 0.000000e+00
8  0.000000e+00  0.000000e+00  0  0                    0 0.000000e+00
9  0.000000e+00  0.000000e+00  0  0                    0 0.000000e+00
10 0.000000e+00  0.000000e+00  0  0     2390.78420921098 2.390784e+03
11 0.000000e+00 -1.450644e-09  0  0 1.54614099301398e-11 1.546141e-11
12 4.788490e-10 -1.465196e-09  0  0                    0 4.788490e-10
13 1.637090e-11 -1.452918e-09  0  0                    0 1.637090e-11
14 0.000000e+00 -1.452918e-09  0  0                    0 0.000000e+00
15 0.000000e+00 -1.452918e-09  0  0                    0 0.000000e+00
16 0.000000e+00 -1.452918e-09  0  0                    0 0.000000e+00
17 0.000000e+00 -1.452918e-09  0  0                    0 0.000000e+00
18 0.000000e+00 -1.452918e-09  0  0                    0 0.000000e+00
19 0.000000e+00 -1.452918e-09  0  0                    0 0.000000e+00
20 0.000000e+00 -1.452918e-09  0  0                    0 0.000000e+00

$IMPR_max_copy
      NM BFGS CG LB     SANN    TOTAL
1  0.077    0  0  0  NOT RUN    0.077
2  0.000    0  0  0        0    0.000
3  0.000    0  0  0     0.46    0.460
4  6.650    0  0  0  NOT RUN    6.650
5  0.000    0  0  0        0    0.000
6  0.000    0  0  0        0    0.000
7  0.000    0  0  0        0    0.000
8  0.000    0  0  0        0    0.000
9  0.000    0  0  0        0    0.000
10 0.000    0  0  0 2390.784 2390.784
11 0.000    0  0  0        0    0.000
12 0.000    0  0  0        0    0.000
13 0.000    0  0  0        0    0.000
14 0.000    0  0  0        0    0.000
15 0.000    0  0  0        0    0.000
16 0.000    0  0  0        0    0.000
17 0.000    0  0  0        0    0.000
18 0.000    0  0  0        0    0.000
19 0.000    0  0  0        0    0.000
20 0.000    0  0  0        0    0.000

$TIME_max
     NM BFGS   CG   LB             SANN
1  0.19 0.07 0.03 0.85          NOT RUN
2  0.17 0.08 0.03 0.81 71.9899999999998
3  0.17 0.08 0.03 0.83 74.2900000000009
4  0.66 0.23 6.11 0.78          NOT RUN
5  0.52 0.24 6.18 0.80            73.25
6  0.53 0.24 6.12 0.78 73.8600000000006
7  0.53 0.24 6.17 0.78 73.5499999999993
8  0.50 0.23 6.05 0.79 73.1000000000004
9  0.53 0.23 6.11 0.80 80.1100000000006
10 0.53 0.22 6.14 0.80 86.2600000000002
11 0.64 0.32 0.29 0.85 87.8100000000013
12 0.56 0.31 0.30 0.83             88.5
13 0.62 0.32 0.31 0.94 88.7600000000002
14 0.60 0.31 0.30 0.82 87.9699999999993
15 0.60 0.30 0.30 0.84 89.5799999999999
16 0.61 0.29 0.30 0.83 89.3900000000012
17 0.61 0.30 0.31 0.84 88.9499999999989
18 0.60 0.31 0.30 0.84 88.1999999999989
19 0.60 0.30 0.29 0.85 88.1800000000003
20 0.60 0.31 0.30 0.82 87.7700000000004

$best_par
[1] 99.950974 -3.014278

$best_val
[1] 2397.971

$solve_res
[1] -2397.971

