$IMPR_max
             NM          BFGS           CG            LB         SANN
1  6.176000e-03  0.000000e+00 0.000000e+00  4.336809e-18 3.794641e-04
2  4.639888e-06  2.433401e-13 2.973221e-13 -1.910468e-13 3.878813e-04
3  1.439820e-16  0.000000e+00 0.000000e+00  0.000000e+00 4.924193e-09
4  3.898202e-09 -1.734723e-18 0.000000e+00  0.000000e+00 0.000000e+00
5  8.673617e-19 -8.673617e-19 0.000000e+00  0.000000e+00 0.000000e+00
6  2.075469e-07  0.000000e+00 0.000000e+00  0.000000e+00 0.000000e+00
7  8.628449e-08  0.000000e+00 0.000000e+00  0.000000e+00 0.000000e+00
8  0.000000e+00  0.000000e+00 0.000000e+00  0.000000e+00 0.000000e+00
9  0.000000e+00  0.000000e+00 0.000000e+00  0.000000e+00 0.000000e+00
10 0.000000e+00  0.000000e+00 0.000000e+00  0.000000e+00 0.000000e+00
11 0.000000e+00  0.000000e+00 0.000000e+00  0.000000e+00 0.000000e+00
12 0.000000e+00  0.000000e+00 0.000000e+00  0.000000e+00 0.000000e+00
13 0.000000e+00  0.000000e+00 0.000000e+00  0.000000e+00 0.000000e+00
14 0.000000e+00  0.000000e+00 0.000000e+00  0.000000e+00 0.000000e+00
15 0.000000e+00  0.000000e+00 0.000000e+00  0.000000e+00 0.000000e+00
16 0.000000e+00  0.000000e+00 0.000000e+00  0.000000e+00 0.000000e+00
17 0.000000e+00  0.000000e+00 0.000000e+00  0.000000e+00 0.000000e+00
18 0.000000e+00  0.000000e+00 0.000000e+00  0.000000e+00 0.000000e+00
19 0.000000e+00  0.000000e+00 0.000000e+00  0.000000e+00 0.000000e+00
20 0.000000e+00  0.000000e+00 0.000000e+00  0.000000e+00 0.000000e+00
          TOTAL
1  0.000000e+00
2  3.925212e-04
3  4.924193e-09
4  3.898202e-09
5  8.673617e-19
6  2.075469e-07
7  8.628449e-08
8  0.000000e+00
9  0.000000e+00
10 0.000000e+00
11 0.000000e+00
12 0.000000e+00
13 0.000000e+00
14 0.000000e+00
15 0.000000e+00
16 0.000000e+00
17 0.000000e+00
18 0.000000e+00
19 0.000000e+00
20 0.000000e+00

$IMPR_max_copy
      NM BFGS CG LB SANN TOTAL
1  0.006    0  0  0    0     0
2  0.000    0  0  0    0     0
3  0.000    0  0  0    0     0
4  0.000    0  0  0    0     0
5  0.000    0  0  0    0     0
6  0.000    0  0  0    0     0
7  0.000    0  0  0    0     0
8  0.000    0  0  0    0     0
9  0.000    0  0  0    0     0
10 0.000    0  0  0    0     0
11 0.000    0  0  0    0     0
12 0.000    0  0  0    0     0
13 0.000    0  0  0    0     0
14 0.000    0  0  0    0     0
15 0.000    0  0  0    0     0
16 0.000    0  0  0    0     0
17 0.000    0  0  0    0     0
18 0.000    0  0  0    0     0
19 0.000    0  0  0    0     0
20 0.000    0  0  0    0     0

$TIME_max
     NM BFGS   CG   LB  SANN
1  0.17 0.06 0.05 0.44 74.36
2  1.08 0.19 1.00 0.59 73.58
3  0.42 0.19 0.20 0.80 74.00
4  0.72 0.17 0.19 0.78 73.55
5  0.57 0.30 0.30 0.81 73.72
6  2.30 0.31 0.30 0.87 75.47
7  2.22 0.30 0.31 0.86 73.05
8  2.34 0.32 0.31 0.86 74.87
9  2.36 0.33 0.41 0.89 74.84
10 2.34 0.32 0.31 0.86 73.76
11 2.38 0.31 0.31 0.86 74.61
12 2.38 0.31 0.31 0.85 74.23
13 2.36 0.31 0.32 0.86 73.81
14 2.48 0.30 0.31 0.85 74.28
15 2.34 0.31 0.32 0.85 74.00
16 2.36 0.32 0.32 0.88 73.58
17 2.33 0.30 0.31 0.86 76.52
18 2.34 0.42 0.30 0.84 73.39
19 2.47 0.30 0.31 0.84 75.74
20 2.41 0.31 0.29 0.86 77.32

$best_par
[1] 115.700707   3.708534

$best_val
[1] 0.006948288

$solve_res
[1] -0.006948288

