$IMPR_max
           NM          BFGS CG           LB         SANN        TOTAL
1  0.00607355  0.000000e+00  0 8.673617e-18 7.121040e-16 0.000000e+00
2  0.00000000  0.000000e+00  0 0.000000e+00 0.000000e+00 0.000000e+00
3  0.00000000  0.000000e+00  0 0.000000e+00 1.561251e-17 1.561251e-17
4  0.00000000  0.000000e+00  0 0.000000e+00 0.000000e+00 0.000000e+00
5  0.00000000  0.000000e+00  0 0.000000e+00 0.000000e+00 0.000000e+00
6  0.00000000  0.000000e+00  0 0.000000e+00 0.000000e+00 0.000000e+00
7  0.00000000  0.000000e+00  0 0.000000e+00 5.253111e-08 5.253111e-08
8  0.00000000  2.428613e-17  0 0.000000e+00 0.000000e+00 2.428613e-17
9  0.00000000 -5.117434e-17  0 0.000000e+00 0.000000e+00 0.000000e+00
10 0.00000000 -5.117434e-17  0 0.000000e+00 0.000000e+00 0.000000e+00
11 0.00000000 -5.117434e-17  0 0.000000e+00 0.000000e+00 0.000000e+00
12 0.00000000 -5.117434e-17  0 0.000000e+00 0.000000e+00 0.000000e+00
13 0.00000000 -5.117434e-17  0 0.000000e+00 0.000000e+00 0.000000e+00
14 0.00000000 -5.117434e-17  0 0.000000e+00 0.000000e+00 0.000000e+00
15 0.00000000 -5.117434e-17  0 0.000000e+00 0.000000e+00 0.000000e+00
16 0.00000000 -5.117434e-17  0 0.000000e+00 0.000000e+00 0.000000e+00
17 0.00000000 -5.117434e-17  0 0.000000e+00 0.000000e+00 0.000000e+00
18 0.00000000 -5.117434e-17  0 0.000000e+00 0.000000e+00 0.000000e+00
19 0.00000000 -5.117434e-17  0 0.000000e+00 0.000000e+00 0.000000e+00
20 0.00000000 -5.117434e-17  0 0.000000e+00 0.000000e+00 0.000000e+00

$IMPR_max_copy
      NM BFGS CG LB SANN TOTAL
1  0.006    0  0  0    0     0
2  0.000    0  0  0    0     0
3  0.000    0  0  0    0     0
4  0.000    0  0  0    0     0
5  0.000    0  0  0    0     0
6  0.000    0  0  0    0     0
7  0.000    0  0  0    0     0
8  0.000    0  0  0    0     0
9  0.000    0  0  0    0     0
10 0.000    0  0  0    0     0
11 0.000    0  0  0    0     0
12 0.000    0  0  0    0     0
13 0.000    0  0  0    0     0
14 0.000    0  0  0    0     0
15 0.000    0  0  0    0     0
16 0.000    0  0  0    0     0
17 0.000    0  0  0    0     0
18 0.000    0  0  0    0     0
19 0.000    0  0  0    0     0
20 0.000    0  0  0    0     0

$TIME_max
     NM BFGS   CG   LB  SANN
1  0.16 0.06 0.05 0.84 74.28
2  0.05 0.06 0.03 0.85 74.26
3  0.03 0.06 0.05 0.83 74.14
4  0.03 0.06 0.05 0.56 72.09
5  0.05 0.06 0.05 0.58 74.31
6  0.05 0.04 0.05 0.58 73.28
7  0.03 0.06 0.05 0.59 75.08
8  0.41 0.15 0.17 0.74 74.95
9  0.36 0.19 0.18 0.75 72.79
10 0.35 0.19 0.19 0.75 73.44
11 0.36 0.18 0.19 0.77 71.87
12 0.36 0.19 0.19 0.75 71.95
13 0.36 0.19 0.20 0.77 71.76
14 0.36 0.19 0.19 0.76 74.02
15 0.37 0.19 0.19 0.75 72.29
16 0.38 0.19 0.31 0.84 71.97
17 0.36 0.19 0.19 0.78 71.80
18 0.36 0.19 0.19 0.89 74.91
19 0.36 0.18 0.19 0.75 75.83
20 0.36 0.19 0.22 0.77 73.32

$best_par
[1] 22.22184 71.89165

$best_ab
[1] 2.222184e+01 1.667812e+31

$best_val
[1] 0.006073603

$solve_res
[1] -0.006073603

