$IMPR_max
             NM          BFGS CG LB                 SANN        TOTAL
1  1.293367e-02  0.000000e+00  0  0              NOT RUN 1.293367e-02
2  1.734723e-18  0.000000e+00  0  0 1.95599293723731e-08 1.955993e-08
3  2.949030e-17  0.000000e+00  0  0  0.00243573252749137 2.435733e-03
4  0.000000e+00 -3.262321e-14  0  0                    0 0.000000e+00
5  0.000000e+00 -3.262321e-14  0  0 4.29829782877533e-14 4.298298e-14
6  0.000000e+00  0.000000e+00  0  0                    0 0.000000e+00
7  0.000000e+00  0.000000e+00  0  0                    0 0.000000e+00
8  0.000000e+00  0.000000e+00  0  0                    0 0.000000e+00
9  0.000000e+00  0.000000e+00  0  0                    0 0.000000e+00
10 0.000000e+00  0.000000e+00  0  0                    0 0.000000e+00
11 0.000000e+00  0.000000e+00  0  0                    0 0.000000e+00
12 0.000000e+00  0.000000e+00  0  0                    0 0.000000e+00
13 0.000000e+00  0.000000e+00  0  0                    0 0.000000e+00
14 0.000000e+00  0.000000e+00  0  0                    0 0.000000e+00
15 0.000000e+00  0.000000e+00  0  0                    0 0.000000e+00
16 0.000000e+00  0.000000e+00  0  0                    0 0.000000e+00
17 0.000000e+00  0.000000e+00  0  0                    0 0.000000e+00
18 0.000000e+00  0.000000e+00  0  0                    0 0.000000e+00
19 0.000000e+00  0.000000e+00  0  0                    0 0.000000e+00
20 0.000000e+00  0.000000e+00  0  0 5.24597726370146e-14 5.245977e-14

$IMPR_max_copy
      NM BFGS CG LB    SANN TOTAL
1  0.013    0  0  0 NOT RUN 0.013
2  0.000    0  0  0       0 0.000
3  0.000    0  0  0   0.002 0.002
4  0.000    0  0  0       0 0.000
5  0.000    0  0  0       0 0.000
6  0.000    0  0  0       0 0.000
7  0.000    0  0  0       0 0.000
8  0.000    0  0  0       0 0.000
9  0.000    0  0  0       0 0.000
10 0.000    0  0  0       0 0.000
11 0.000    0  0  0       0 0.000
12 0.000    0  0  0       0 0.000
13 0.000    0  0  0       0 0.000
14 0.000    0  0  0       0 0.000
15 0.000    0  0  0       0 0.000
16 0.000    0  0  0       0 0.000
17 0.000    0  0  0       0 0.000
18 0.000    0  0  0       0 0.000
19 0.000    0  0  0       0 0.000
20 0.000    0  0  0       0 0.000

$TIME_max
     NM BFGS   CG   LB             SANN
1  0.59 0.10 0.03 0.58          NOT RUN
2  0.93 0.08 0.05 0.25 74.8299999999999
3  0.34 0.05 0.03 0.25 74.5900000000001
4  0.44 0.19 0.20 0.69 73.7600000000002
5  0.46 0.20 0.19 0.68 73.6800000000003
6  0.51 0.33 0.34 0.82 75.0600000000013
7  0.53 0.33 0.36 0.83 74.8199999999997
8  0.52 0.34 0.35 0.83 75.6499999999996
9  0.52 0.33 0.32 0.82            74.75
10 0.51 0.35 0.34 0.94 72.6400000000012
11 0.50 0.34 0.34 0.85 73.3000000000011
12 0.50 0.32 0.33 0.81 74.7700000000004
13 0.59 0.35 0.34 0.80 72.7299999999996
14 0.53 0.33 0.33 0.81             74.5
15 0.50 0.33 0.34 0.82 72.4000000000015
16 0.50 0.33 0.32 0.82 73.6999999999989
17 0.50 0.33 0.33 0.86 74.0900000000001
18 0.50 0.33 0.34 0.80 74.5100000000002
19 0.50 0.35 0.33 0.81 74.2200000000012
20 0.53 0.33 0.34 0.83 74.2200000000012

$best_par
[1] 130.92659   1.23193

$best_val
[1] 0.01536943

$solve_res
[1] -0.01536943

