$IMPR_max
             NM         BFGS CG LB                 SANN        TOTAL
1  1.484580e-02 0.000000e+00  0  0              NOT RUN 1.484580e-02
2  0.000000e+00 0.000000e+00  0  0  0.00611610472275495 6.116105e-03
3  7.934625e-15 5.384582e-15  0  0                    0 1.331921e-14
4  0.000000e+00 0.000000e+00  0  0                    0 0.000000e+00
5  0.000000e+00 0.000000e+00  0  0                    0 0.000000e+00
6  0.000000e+00 0.000000e+00  0  0 0.000173882993866392 1.738830e-04
7  3.748063e-07 0.000000e+00  0  0 0.000285124870699042 2.854997e-04
8  2.601693e-08 0.000000e+00  0  0                    0 2.601693e-08
9  0.000000e+00 0.000000e+00  0  0                    0 0.000000e+00
10 0.000000e+00 0.000000e+00  0  0                    0 0.000000e+00
11 0.000000e+00 0.000000e+00  0  0                    0 0.000000e+00
12 0.000000e+00 0.000000e+00  0  0                    0 0.000000e+00
13 0.000000e+00 0.000000e+00  0  0                    0 0.000000e+00
14 0.000000e+00 0.000000e+00  0  0                    0 0.000000e+00
15 0.000000e+00 0.000000e+00  0  0    0.043277638492048 4.327764e-02
16 0.000000e+00 0.000000e+00  0  0                    0 0.000000e+00
17 0.000000e+00 0.000000e+00  0  0                    0 0.000000e+00
18 0.000000e+00 0.000000e+00  0  0                    0 0.000000e+00
19 0.000000e+00 0.000000e+00  0  0                    0 0.000000e+00
20 0.000000e+00 0.000000e+00  0  0   0.0237319963662955 2.373200e-02

$IMPR_max_copy
      NM BFGS CG LB    SANN TOTAL
1  0.015    0  0  0 NOT RUN 0.015
2  0.000    0  0  0   0.006 0.006
3  0.000    0  0  0       0 0.000
4  0.000    0  0  0       0 0.000
5  0.000    0  0  0       0 0.000
6  0.000    0  0  0       0 0.000
7  0.000    0  0  0       0 0.000
8  0.000    0  0  0       0 0.000
9  0.000    0  0  0       0 0.000
10 0.000    0  0  0       0 0.000
11 0.000    0  0  0       0 0.000
12 0.000    0  0  0       0 0.000
13 0.000    0  0  0       0 0.000
14 0.000    0  0  0       0 0.000
15 0.000    0  0  0   0.043 0.043
16 0.000    0  0  0       0 0.000
17 0.000    0  0  0       0 0.000
18 0.000    0  0  0       0 0.000
19 0.000    0  0  0       0 0.000
20 0.000    0  0  0   0.024 0.024

$TIME_max
     NM BFGS   CG   LB             SANN
1  0.27 0.06 0.05 0.72          NOT RUN
2  0.23 0.06 0.03 0.75 74.0200000000004
3  0.52 0.06 0.04 0.13 73.6900000000005
4  0.45 0.08 0.03 0.12 74.3000000000011
5  0.44 0.08 0.03 0.12 73.8500000000004
6  0.54 0.08 0.03 0.13 73.1700000000001
7  1.89 0.22 1.12 0.36 74.0200000000004
8  2.00 0.33 0.22 0.78 74.4500000000007
9  2.11 0.22 0.20 0.81            73.25
10 2.13 0.20 0.24 0.90 73.4699999999993
11 2.14 0.20 0.22 0.80 73.5399999999991
12 2.11 0.22 0.22 0.78 74.3900000000012
13 2.11 0.21 0.21 0.80            73.25
14 2.00 0.22 0.23 0.82 74.0699999999997
15 2.02 0.20 0.22 0.80 73.4799999999996
16 0.14 0.07 0.04 0.74 73.6900000000005
17 0.14 0.07 0.04 0.75 72.8099999999995
18 0.14 0.08 0.03 0.75 71.8899999999994
19 0.14 0.06 0.05 0.75 73.2300000000014
20 0.13 0.08 0.03 0.75 72.2799999999988

$best_par
[1] 84.241400  1.750546

$best_val
[1] 0.08843095

$solve_res
[1] -0.08843095

