$IMPR_max
             NM          BFGS CG LB                 SANN        TOTAL
1  8.778028e-01  5.551115e-16  0  0              NOT RUN 8.778028e-01
2  6.540324e-13  0.000000e+00  0  0                    0 6.540324e-13
3  0.000000e+00  0.000000e+00  0  0                    0 0.000000e+00
4  0.000000e+00  0.000000e+00  0  0                    0 0.000000e+00
5  0.000000e+00  0.000000e+00  0  0                    0 0.000000e+00
6  0.000000e+00  0.000000e+00  0  0 5.05151476204446e-14 5.051515e-14
7  0.000000e+00 -1.550426e-12  0  0                    0 0.000000e+00
8  0.000000e+00 -1.550426e-12  0  0 2.65010235978025e-12 2.650102e-12
9  0.000000e+00  0.000000e+00  0  0                    0 0.000000e+00
10 0.000000e+00  0.000000e+00  0  0                    0 0.000000e+00
11 0.000000e+00  0.000000e+00  0  0                    0 0.000000e+00
12 0.000000e+00  0.000000e+00  0  0                    0 0.000000e+00
13 0.000000e+00  0.000000e+00  0  0                    0 0.000000e+00
14 0.000000e+00  0.000000e+00  0  0                    0 0.000000e+00
15 0.000000e+00  0.000000e+00  0  0                    0 0.000000e+00
16 0.000000e+00  0.000000e+00  0  0                    0 0.000000e+00
17 0.000000e+00  0.000000e+00  0  0                    0 0.000000e+00
18 0.000000e+00  0.000000e+00  0  0                    0 0.000000e+00
19 0.000000e+00  0.000000e+00  0  0 9.69224700497762e-14 9.692247e-14
20 0.000000e+00 -3.064660e-12  0  0                    0 0.000000e+00

$IMPR_max_copy
      NM BFGS CG LB    SANN TOTAL
1  0.878    0  0  0 NOT RUN 0.878
2  0.000    0  0  0       0 0.000
3  0.000    0  0  0       0 0.000
4  0.000    0  0  0       0 0.000
5  0.000    0  0  0       0 0.000
6  0.000    0  0  0       0 0.000
7  0.000    0  0  0       0 0.000
8  0.000    0  0  0       0 0.000
9  0.000    0  0  0       0 0.000
10 0.000    0  0  0       0 0.000
11 0.000    0  0  0       0 0.000
12 0.000    0  0  0       0 0.000
13 0.000    0  0  0       0 0.000
14 0.000    0  0  0       0 0.000
15 0.000    0  0  0       0 0.000
16 0.000    0  0  0       0 0.000
17 0.000    0  0  0       0 0.000
18 0.000    0  0  0       0 0.000
19 0.000    0  0  0       0 0.000
20 0.000    0  0  0       0 0.000

$TIME_max
     NM BFGS   CG   LB             SANN
1  0.22 0.05 0.03 0.12          NOT RUN
2  0.17 0.08 0.05 0.11 72.9500000000007
3  0.19 0.08 0.03 0.12 73.4199999999983
4  0.19 0.08 0.03 0.13 73.0299999999988
5  0.19 0.07 0.03 0.11  72.369999999999
6  0.19 0.08 0.05 0.11 72.0900000000001
7  0.19 0.08 0.04 0.83 73.2999999999993
8  0.19 0.09 0.03 0.83 72.7299999999996
9  0.21 0.09 0.05 0.81 74.0599999999977
10 0.19 0.11 0.05 0.82 73.0699999999997
11 0.20 0.11 0.05 0.79 74.2999999999993
12 0.20 0.10 0.03 0.83 73.8199999999997
13 0.19 0.09 0.05 0.80 73.4699999999975
14 0.18 0.11 0.04 0.82 72.9300000000003
15 0.18 0.11 0.03 0.83 75.3300000000017
16 0.20 0.10 0.04 0.82            72.75
17 0.20 0.11 0.03 0.83 72.9000000000015
18 0.21 0.09 0.05 0.81 73.0600000000013
19 0.21 0.09 0.05 0.81 73.6500000000015
20 0.29 0.10 0.03 0.12  73.489999999998

$best_par
[1] 102.901086   1.995079

$best_val
[1] 0.8778028

$solve_res
[1] -0.8778028

