$IMPR_max
             NM BFGS CG LB         SANN        TOTAL
1  0.0001014906    0  0  0 3.332431e-16 0.000000e+00
2  0.0000000000    0  0  0 0.000000e+00 0.000000e+00
3  0.0000000000    0  0  0 6.392727e-17 6.392727e-17
4  0.0000000000    0  0  0 0.000000e+00 0.000000e+00
5  0.0000000000    0  0  0 3.024924e-17 3.024924e-17
6  0.0000000000    0  0  0 0.000000e+00 0.000000e+00
7  0.0000000000    0  0  0 0.000000e+00 0.000000e+00
8  0.0000000000    0  0  0 0.000000e+00 0.000000e+00
9  0.0000000000    0  0  0 0.000000e+00 0.000000e+00
10 0.0000000000    0  0  0 0.000000e+00 0.000000e+00
11 0.0000000000    0  0  0 0.000000e+00 0.000000e+00
12 0.0000000000    0  0  0 0.000000e+00 0.000000e+00
13 0.0000000000    0  0  0 1.397537e-16 1.397537e-16
14 0.0000000000    0  0  0 0.000000e+00 0.000000e+00
15 0.0000000000    0  0  0 0.000000e+00 0.000000e+00
16 0.0000000000    0  0  0 0.000000e+00 0.000000e+00
17 0.0000000000    0  0  0 0.000000e+00 0.000000e+00
18 0.0000000000    0  0  0 0.000000e+00 0.000000e+00
19 0.0000000000    0  0  0 0.000000e+00 0.000000e+00
20 0.0000000000    0  0  0 0.000000e+00 0.000000e+00

$IMPR_max_copy
   NM BFGS CG LB SANN TOTAL
1   0    0  0  0    0     0
2   0    0  0  0    0     0
3   0    0  0  0    0     0
4   0    0  0  0    0     0
5   0    0  0  0    0     0
6   0    0  0  0    0     0
7   0    0  0  0    0     0
8   0    0  0  0    0     0
9   0    0  0  0    0     0
10  0    0  0  0    0     0
11  0    0  0  0    0     0
12  0    0  0  0    0     0
13  0    0  0  0    0     0
14  0    0  0  0    0     0
15  0    0  0  0    0     0
16  0    0  0  0    0     0
17  0    0  0  0    0     0
18  0    0  0  0    0     0
19  0    0  0  0    0     0
20  0    0  0  0    0     0

$TIME_max
     NM BFGS   CG   LB  SANN
1  0.14 0.05 0.05 0.04 70.14
2  0.04 0.06 0.03 0.77 67.68
3  0.07 0.04 0.05 0.75 68.48
4  0.03 0.06 0.05 0.75 68.56
5  0.03 0.08 0.05 0.76 67.86
6  0.03 0.05 0.06 0.73 67.94
7  0.05 0.05 0.04 0.77 68.36
8  0.04 0.07 0.04 0.75 69.49
9  0.04 0.10 0.08 0.93 68.36
10 0.05 0.06 0.03 0.77 68.12
11 0.05 0.04 0.05 0.74 67.71
12 0.05 0.06 0.03 0.77 68.92
13 0.03 0.07 0.03 0.76 67.88
14 0.03 0.06 0.05 0.75 67.81
15 0.05 0.04 0.05 0.77 67.87
16 0.05 0.06 0.03 0.75 68.07
17 0.03 0.06 0.05 0.73 68.39
18 0.03 0.06 0.05 0.78 68.07
19 0.04 0.06 0.05 0.75 68.64
20 0.05 0.05 0.04 0.72 67.14

$best_par
[1] 43.95319 65.80269

$best_ab
[1] 4.395319e+01 3.782199e+28

$best_val
[1] 0.0001014906

$solve_res
[1] -0.0001014906

