$IMPR_max
             NM          BFGS CG LB         SANN        TOTAL
1  5.975280e-03  0.000000e+00  0  0 0.0049744816 0.000000e+00
2  1.129856e-06  0.000000e+00  0  0 0.0000000000 1.129856e-06
3  2.022634e-12 -7.044018e-14  0  0 0.0000000000 2.022634e-12
4  0.000000e+00 -7.044018e-14  0  0 0.0000000000 0.000000e+00
5  0.000000e+00 -7.044018e-14  0  0 0.0000000000 0.000000e+00
6  0.000000e+00 -7.044018e-14  0  0 0.0000000000 0.000000e+00
7  0.000000e+00 -7.044018e-14  0  0 0.0000000000 0.000000e+00
8  0.000000e+00 -7.044018e-14  0  0 0.0000000000 0.000000e+00
9  0.000000e+00 -7.044018e-14  0  0 0.0000000000 0.000000e+00
10 0.000000e+00 -7.044018e-14  0  0 0.0005135046 5.135046e-04
11 3.727398e-07  0.000000e+00  0  0 0.0000000000 3.727398e-07
12 7.822854e-08  0.000000e+00  0  0 0.0000000000 7.822854e-08
13 0.000000e+00  0.000000e+00  0  0 0.0000000000 0.000000e+00
14 0.000000e+00  0.000000e+00  0  0 0.0000000000 0.000000e+00
15 0.000000e+00  0.000000e+00  0  0 0.0000000000 0.000000e+00
16 0.000000e+00  0.000000e+00  0  0 0.0000000000 0.000000e+00
17 0.000000e+00  0.000000e+00  0  0 0.0000000000 0.000000e+00
18 0.000000e+00  0.000000e+00  0  0 0.0000000000 0.000000e+00
19 0.000000e+00  0.000000e+00  0  0 0.0000000000 0.000000e+00
20 0.000000e+00  0.000000e+00  0  0 0.0000000000 0.000000e+00

$IMPR_max_copy
      NM BFGS CG LB  SANN TOTAL
1  0.006    0  0  0 0.005 0.000
2  0.000    0  0  0 0.000 0.000
3  0.000    0  0  0 0.000 0.000
4  0.000    0  0  0 0.000 0.000
5  0.000    0  0  0 0.000 0.000
6  0.000    0  0  0 0.000 0.000
7  0.000    0  0  0 0.000 0.000
8  0.000    0  0  0 0.000 0.000
9  0.000    0  0  0 0.000 0.000
10 0.000    0  0  0 0.001 0.001
11 0.000    0  0  0 0.000 0.000
12 0.000    0  0  0 0.000 0.000
13 0.000    0  0  0 0.000 0.000
14 0.000    0  0  0 0.000 0.000
15 0.000    0  0  0 0.000 0.000
16 0.000    0  0  0 0.000 0.000
17 0.000    0  0  0 0.000 0.000
18 0.000    0  0  0 0.000 0.000
19 0.000    0  0  0 0.000 0.000
20 0.000    0  0  0 0.000 0.000

$TIME_max
     NM BFGS   CG   LB  SANN
1  1.89 0.12 0.03 0.74 73.61
2  0.45 0.31 0.30 0.86 74.48
3  0.30 0.31 0.32 0.84 74.20
4  0.25 0.31 0.33 0.85 74.34
5  0.25 0.31 0.32 0.84 74.11
6  0.25 0.31 0.31 0.85 74.26
7  0.23 0.32 0.31 0.84 73.63
8  0.25 0.29 0.32 0.86 74.81
9  0.25 0.31 0.31 0.85 73.54
10 0.24 0.31 0.33 0.83 73.47
11 2.23 0.20 0.22 0.27 73.39
12 1.65 0.22 0.22 0.86 73.70
13 1.66 0.22 0.22 0.86 73.12
14 1.63 0.22 0.21 0.88 73.22
15 1.78 0.22 0.23 0.97 73.75
16 1.64 0.22 0.22 0.86 73.80
17 1.65 0.22 0.24 0.85 72.80
18 1.63 0.22 0.21 0.86 73.61
19 1.69 0.22 0.22 0.87 73.39
20 1.64 0.22 0.22 0.88 72.93

$best_par
[1] 99.89650 18.95931

$best_val
[1] 0.01146485

$solve_res
[1] -0.01146485

