$IMPR_max
             NM          BFGS CG           LB                 SANN        TOTAL
1  1.810658e+00  3.539391e-13  0 3.375078e-14              NOT RUN 1.810658e+00
2  0.000000e+00  3.772538e-13  0 3.064216e-14                    0 4.078959e-13
3  0.000000e+00  0.000000e+00  0 0.000000e+00     1.00035938504317 1.000359e+00
4  8.052699e+00  0.000000e+00  0 0.000000e+00              NOT RUN 8.052699e+00
5  7.105427e-15  0.000000e+00  0 0.000000e+00                    0 7.105427e-15
6  0.000000e+00  0.000000e+00  0 0.000000e+00                    0 0.000000e+00
7  0.000000e+00  0.000000e+00  0 0.000000e+00                    0 0.000000e+00
8  0.000000e+00  0.000000e+00  0 0.000000e+00                    0 0.000000e+00
9  0.000000e+00  0.000000e+00  0 0.000000e+00     3611.65946284946 3.611659e+03
10 1.273293e-11 -1.474291e-09  0 0.000000e+00 7.18500814400613e-10 7.312337e-10
11 0.000000e+00 -1.472927e-09  0 0.000000e+00                    0 0.000000e+00
12 0.000000e+00 -1.472927e-09  0 0.000000e+00                    0 0.000000e+00
13 0.000000e+00 -1.472927e-09  0 0.000000e+00 6.82121026329696e-12 6.821210e-12
14 4.092726e-12 -1.472472e-09  0 0.000000e+00                    0 4.092726e-12
15 0.000000e+00 -1.472472e-09  0 0.000000e+00                    0 0.000000e+00
16 0.000000e+00 -1.472472e-09  0 0.000000e+00                    0 0.000000e+00
17 0.000000e+00 -1.472472e-09  0 0.000000e+00                    0 0.000000e+00
18 0.000000e+00 -1.472472e-09  0 0.000000e+00                    0 0.000000e+00
19 0.000000e+00 -1.472472e-09  0 0.000000e+00 1.04591890703887e-11 1.045919e-11
20 0.000000e+00 -1.470653e-09  0 0.000000e+00                    0 0.000000e+00

$IMPR_max_copy
      NM BFGS CG LB     SANN    TOTAL
1  1.811    0  0  0  NOT RUN    1.811
2  0.000    0  0  0        0    0.000
3  0.000    0  0  0        1    1.000
4  8.053    0  0  0  NOT RUN    8.053
5  0.000    0  0  0        0    0.000
6  0.000    0  0  0        0    0.000
7  0.000    0  0  0        0    0.000
8  0.000    0  0  0        0    0.000
9  0.000    0  0  0 3611.659 3611.659
10 0.000    0  0  0        0    0.000
11 0.000    0  0  0        0    0.000
12 0.000    0  0  0        0    0.000
13 0.000    0  0  0        0    0.000
14 0.000    0  0  0        0    0.000
15 0.000    0  0  0        0    0.000
16 0.000    0  0  0        0    0.000
17 0.000    0  0  0        0    0.000
18 0.000    0  0  0        0    0.000
19 0.000    0  0  0        0    0.000
20 0.000    0  0  0        0    0.000

$TIME_max
     NM BFGS   CG   LB             SANN
1  0.47 0.11 0.07 0.40          NOT RUN
2  0.52 0.08 0.04 0.42            85.13
3  0.50 0.11 0.05 0.84            90.01
4  0.96 0.39 1.34 1.05          NOT RUN
5  1.03 0.41 1.75 1.03            98.73
6  0.96 0.39 1.76 1.05           100.94
7  0.95 0.36 1.69 0.99            87.51
8  0.95 0.38 1.72 1.01 97.1899999999999
9  0.97 0.47 2.39 1.19           156.65
10 1.09 0.61 0.55 1.61           158.37
11 1.16 0.52 0.51 1.47           156.33
12 1.11 0.50 0.53 1.36           145.23
13 1.05 0.50 0.44 1.36           168.37
14 1.13 0.53 0.61 1.37           144.64
15 1.03 0.47 0.52 1.33           141.89
16 1.06 0.48 0.47 1.33           143.19
17 1.11 0.50 0.53 1.33           142.17
18 1.00 0.45 0.50 1.30           140.62
19 1.05 0.45 0.50 1.30              143
20 0.95 0.49 0.44 1.29           141.66

$best_par
[1] 129.978670  -3.843926

$best_ab
[1] 129.9787 130.0001

$best_val
[1] 3622.523

$solve_res
[1] -3622.523

