$IMPR_max
             NM          BFGS CG LB         SANN        TOTAL
1  1.600819e-03  0.000000e+00  0  0 3.875884e-10 0.000000e+00
2  0.000000e+00 -4.683753e-17  0  0 1.761313e-03 1.761313e-03
3  1.524368e-03 -2.103352e-15  0  0 0.000000e+00 1.524368e-03
4  0.000000e+00 -2.103352e-15  0  0 0.000000e+00 0.000000e+00
5  0.000000e+00 -2.103352e-15  0  0 0.000000e+00 0.000000e+00
6  0.000000e+00 -2.103352e-15  0  0 0.000000e+00 0.000000e+00
7  0.000000e+00 -2.103352e-15  0  0 0.000000e+00 0.000000e+00
8  0.000000e+00 -2.103352e-15  0  0 0.000000e+00 0.000000e+00
9  0.000000e+00 -2.103352e-15  0  0 9.200368e-09 9.200368e-09
10 1.474515e-17  1.734723e-18  0  0 0.000000e+00 1.647987e-17
11 0.000000e+00 -1.734723e-18  0  0 0.000000e+00 0.000000e+00
12 0.000000e+00 -1.734723e-18  0  0 0.000000e+00 0.000000e+00
13 0.000000e+00 -1.734723e-18  0  0 0.000000e+00 0.000000e+00
14 0.000000e+00 -1.734723e-18  0  0 0.000000e+00 0.000000e+00
15 0.000000e+00 -1.734723e-18  0  0 0.000000e+00 0.000000e+00
16 0.000000e+00 -1.734723e-18  0  0 0.000000e+00 0.000000e+00
17 0.000000e+00 -1.734723e-18  0  0 0.000000e+00 0.000000e+00
18 0.000000e+00 -1.734723e-18  0  0 0.000000e+00 0.000000e+00
19 0.000000e+00 -1.734723e-18  0  0 0.000000e+00 0.000000e+00
20 0.000000e+00 -1.734723e-18  0  0 0.000000e+00 0.000000e+00

$IMPR_max_copy
      NM BFGS CG LB  SANN TOTAL
1  0.002    0  0  0 0.000 0.000
2  0.000    0  0  0 0.002 0.002
3  0.002    0  0  0 0.000 0.002
4  0.000    0  0  0 0.000 0.000
5  0.000    0  0  0 0.000 0.000
6  0.000    0  0  0 0.000 0.000
7  0.000    0  0  0 0.000 0.000
8  0.000    0  0  0 0.000 0.000
9  0.000    0  0  0 0.000 0.000
10 0.000    0  0  0 0.000 0.000
11 0.000    0  0  0 0.000 0.000
12 0.000    0  0  0 0.000 0.000
13 0.000    0  0  0 0.000 0.000
14 0.000    0  0  0 0.000 0.000
15 0.000    0  0  0 0.000 0.000
16 0.000    0  0  0 0.000 0.000
17 0.000    0  0  0 0.000 0.000
18 0.000    0  0  0 0.000 0.000
19 0.000    0  0  0 0.000 0.000
20 0.000    0  0  0 0.000 0.000

$TIME_max
     NM BFGS   CG   LB  SANN
1  0.08 0.04 0.04 0.04 73.19
2  0.37 0.11 0.05 0.77 74.03
3  0.69 0.17 0.17 0.78 73.48
4  0.68 0.15 0.17 0.79 73.96
5  0.68 0.17 0.15 0.80 73.99
6  0.65 0.17 0.16 0.78 75.06
7  0.68 0.15 0.17 0.80 73.66
8  0.67 0.17 0.17 0.78 74.16
9  0.67 0.16 0.17 0.77 73.59
10 0.53 0.17 0.19 0.77 74.17
11 0.42 0.20 0.19 0.75 74.05
12 0.43 0.21 0.19 0.75 73.31
13 0.44 0.18 0.19 0.75 74.09
14 0.46 0.17 0.19 0.76 73.78
15 0.44 0.19 0.19 0.75 74.36
16 0.43 0.21 0.18 0.77 74.28
17 0.44 0.19 0.18 0.76 74.25
18 0.44 0.19 0.19 0.75 73.26
19 0.44 0.20 0.19 0.75 73.83
20 0.44 0.18 0.21 0.75 73.54

$best_par
[1] 131.99998  18.01452

$best_val
[1] 0.00488651

$solve_res
[1] -0.00488651

