$IMPR_max
             NM          BFGS           CG LB                 SANN        TOTAL
1  1.156899e+00  4.440892e-16 9.796608e-13  0              NOT RUN 1.156899e+00
2  0.000000e+00 -9.801049e-13 0.000000e+00  0     2.02133488418243 2.021335e+00
3  0.000000e+00  0.000000e+00 0.000000e+00  0                    0 0.000000e+00
4  0.000000e+00  0.000000e+00 0.000000e+00  0                    0 0.000000e+00
5  0.000000e+00  0.000000e+00 0.000000e+00  0     3913.49247482811 3.913492e+03
6  1.950866e-10 -1.792159e-09 0.000000e+00  0  6.0572347138077e-10 8.008101e-10
7  0.000000e+00 -1.594799e-09 0.000000e+00  0                    0 0.000000e+00
8  0.000000e+00 -1.594799e-09 0.000000e+00  0                    0 0.000000e+00
9  0.000000e+00 -1.594799e-09 0.000000e+00  0                    0 0.000000e+00
10 0.000000e+00 -1.594799e-09 0.000000e+00  0 1.53249857248738e-10 1.532499e-10
11 0.000000e+00 -1.894477e-09 0.000000e+00  0                    0 0.000000e+00
12 0.000000e+00 -1.894477e-09 0.000000e+00  0                    0 0.000000e+00
13 0.000000e+00 -1.894477e-09 0.000000e+00  0                    0 0.000000e+00
14 0.000000e+00 -1.894477e-09 0.000000e+00  0                    0 0.000000e+00
15 0.000000e+00 -1.894477e-09 0.000000e+00  0 5.96173777012154e-09 5.961738e-09
16 0.000000e+00 -1.071385e-09 0.000000e+00  0                    0 0.000000e+00
17 0.000000e+00 -1.071385e-09 0.000000e+00  0                    0 0.000000e+00
18 0.000000e+00 -1.071385e-09 0.000000e+00  0                    0 0.000000e+00
19 0.000000e+00 -1.071385e-09 0.000000e+00  0                    0 0.000000e+00
20 0.000000e+00 -1.071385e-09 0.000000e+00  0                    0 0.000000e+00

$IMPR_max_copy
      NM BFGS CG LB     SANN    TOTAL
1  1.157    0  0  0  NOT RUN    1.157
2  0.000    0  0  0    2.021    2.021
3  0.000    0  0  0        0    0.000
4  0.000    0  0  0        0    0.000
5  0.000    0  0  0 3913.492 3913.492
6  0.000    0  0  0        0    0.000
7  0.000    0  0  0        0    0.000
8  0.000    0  0  0        0    0.000
9  0.000    0  0  0        0    0.000
10 0.000    0  0  0        0    0.000
11 0.000    0  0  0        0    0.000
12 0.000    0  0  0        0    0.000
13 0.000    0  0  0        0    0.000
14 0.000    0  0  0        0    0.000
15 0.000    0  0  0        0    0.000
16 0.000    0  0  0        0    0.000
17 0.000    0  0  0        0    0.000
18 0.000    0  0  0        0    0.000
19 0.000    0  0  0        0    0.000
20 0.000    0  0  0        0    0.000

$TIME_max
     NM BFGS   CG   LB             SANN
1  0.48 0.14 0.46 0.87          NOT RUN
2  0.35 0.20 0.20 0.78 78.3000000000029
3  0.48 0.15 0.03 0.76 81.3899999999994
4  0.50 0.14 0.05 0.81             74.5
5  0.49 0.11 0.06 0.76           140.93
6  1.03 0.48 0.50 1.31 134.830000000002
7  0.97 0.42 0.43 1.26 132.329999999994
8  0.95 0.46 0.40 1.22              131
9  0.95 0.46 0.42 1.14 122.080000000002
10 0.87 0.44 0.45 1.22 121.549999999996
11 0.90 0.39 0.42 1.14 129.099999999999
12 0.86 0.40 0.39 1.03           120.32
13 0.87 0.42 0.39 1.10 121.970000000001
14 0.87 0.41 0.39 1.16 123.970000000001
15 1.05 0.43 0.39 1.19 123.299999999996
16 0.83 0.40 0.43 1.14 122.449999999997
17 0.83 0.37 0.42 1.13 124.340000000004
18 0.85 0.45 0.39 1.13 121.689999999995
19 0.84 0.41 0.40 1.13 123.169999999998
20 0.85 0.39 0.43 1.10 121.669999999998

$best_par
[1] 119.860899  -1.971844

$best_ab
[1] 119.8609 120.0001

$best_val
[1] 3916.671

$solve_res
[1] -3916.671

