$IMPR_max
            NM          BFGS CG           LB                 SANN        TOTAL
1  0.089528987  0.000000e+00  0 2.321754e-14              NOT RUN 8.952899e-02
2  0.009971192  3.122502e-14  0 2.313427e-14                    0 9.971192e-03
3  0.000000000  0.000000e+00  0 4.024558e-16 9.01362318117549e-13 9.017648e-13
4  0.000000000  0.000000e+00  0 2.955969e-14                    0 2.955969e-14
5  0.000000000  0.000000e+00  0 1.748601e-15                    0 1.748601e-15
6  0.000000000  0.000000e+00  0 0.000000e+00                    0 0.000000e+00
7  0.000000000  0.000000e+00  0 0.000000e+00                    0 0.000000e+00
8  0.000000000  0.000000e+00  0 0.000000e+00                    0 0.000000e+00
9  0.000000000  0.000000e+00  0 0.000000e+00                    0 0.000000e+00
10 0.000000000  0.000000e+00  0 0.000000e+00    0.318395956261116 3.183960e-01
11 0.387764038  3.552714e-15  0 0.000000e+00              NOT RUN 3.877640e-01
12 0.000000000 -6.550316e-15  0 0.000000e+00                    0 0.000000e+00
13 0.000000000 -6.550316e-15  0 0.000000e+00                    0 0.000000e+00
14 0.000000000 -6.550316e-15  0 0.000000e+00                    0 0.000000e+00
15 0.000000000 -6.550316e-15  0 0.000000e+00                    0 0.000000e+00
16 0.000000000 -6.550316e-15  0 0.000000e+00                    0 0.000000e+00
17 0.000000000 -6.550316e-15  0 0.000000e+00                    0 0.000000e+00
18 0.000000000 -6.550316e-15  0 0.000000e+00                    0 0.000000e+00
19 0.000000000 -6.550316e-15  0 0.000000e+00                    0 0.000000e+00
20 0.000000000 -6.550316e-15  0 0.000000e+00                    0 0.000000e+00

$IMPR_max_copy
      NM BFGS CG LB    SANN TOTAL
1  0.090    0  0  0 NOT RUN 0.090
2  0.010    0  0  0       0 0.010
3  0.000    0  0  0       0 0.000
4  0.000    0  0  0       0 0.000
5  0.000    0  0  0       0 0.000
6  0.000    0  0  0       0 0.000
7  0.000    0  0  0       0 0.000
8  0.000    0  0  0       0 0.000
9  0.000    0  0  0       0 0.000
10 0.000    0  0  0   0.318 0.318
11 0.388    0  0  0 NOT RUN 0.388
12 0.000    0  0  0       0 0.000
13 0.000    0  0  0       0 0.000
14 0.000    0  0  0       0 0.000
15 0.000    0  0  0       0 0.000
16 0.000    0  0  0       0 0.000
17 0.000    0  0  0       0 0.000
18 0.000    0  0  0       0 0.000
19 0.000    0  0  0       0 0.000
20 0.000    0  0  0       0 0.000

$TIME_max
     NM BFGS   CG   LB             SANN
1  0.22 0.11 0.05 0.21          NOT RUN
2  0.41 0.08 0.05 0.29 82.6900000000001
3  0.34 0.10 0.06 0.69            84.29
4  0.41 0.14 0.06 0.38 76.5600000000004
5  0.28 0.10 0.03 0.53 76.7200000000003
6  0.34 0.13 0.04 0.78            78.02
7  0.31 0.11 0.05 0.80 74.6700000000001
8  0.31 0.09 0.05 0.81 72.1900000000001
9  0.38 0.15 0.06 0.83            74.77
10 0.29 0.10 0.05 0.79 78.0799999999999
11 0.92 0.23 0.24 0.87          NOT RUN
12 0.88 0.22 0.23 0.84 85.8200000000006
13 0.95 0.23 0.24 0.86 88.6400000000003
14 0.90 0.24 0.25 0.87 75.0300000000007
15 0.90 0.23 0.25 0.87 73.1799999999994
16 0.89 0.25 0.23 0.88            85.54
17 0.91 0.22 0.22 0.87 74.8000000000002
18 0.89 0.22 0.25 0.86 76.6100000000006
19 0.88 0.23 0.25 0.88 81.7799999999997
20 0.89 0.22 0.26 1.74            81.25

$best_par
[1] 136.654639   1.207575

$best_ab
[1] 136.6546 140.0000

$best_val
[1] 0.8056602

$solve_res
[1] -0.8056602

