$IMPR_max
             NM          BFGS CG           LB         SANN        TOTAL
1  2.401229e-03  5.238626e-13  0 8.329093e-13 2.939376e-03 0.000000e+00
2  1.671527e-13 -1.671527e-13  0 0.000000e+00 0.000000e+00 1.671527e-13
3  0.000000e+00 -1.671527e-13  0 0.000000e+00 0.000000e+00 0.000000e+00
4  0.000000e+00 -1.671527e-13  0 0.000000e+00 0.000000e+00 0.000000e+00
5  0.000000e+00 -1.671527e-13  0 0.000000e+00 0.000000e+00 0.000000e+00
6  0.000000e+00 -1.671527e-13  0 0.000000e+00 4.800104e-04 4.800104e-04
7  0.000000e+00  0.000000e+00  0 0.000000e+00 0.000000e+00 0.000000e+00
8  0.000000e+00  0.000000e+00  0 0.000000e+00 0.000000e+00 0.000000e+00
9  0.000000e+00  0.000000e+00  0 0.000000e+00 0.000000e+00 0.000000e+00
10 0.000000e+00  0.000000e+00  0 0.000000e+00 2.212791e-04 2.212791e-04
11 2.983724e-16  0.000000e+00  0 0.000000e+00 0.000000e+00 2.983724e-16
12 0.000000e+00  0.000000e+00  0 0.000000e+00 1.237514e-11 1.237514e-11
13 4.949187e-05  0.000000e+00  0 0.000000e+00 7.488483e-09 4.949936e-05
14 0.000000e+00  0.000000e+00  0 0.000000e+00 0.000000e+00 0.000000e+00
15 0.000000e+00  0.000000e+00  0 0.000000e+00 0.000000e+00 0.000000e+00
16 0.000000e+00  0.000000e+00  0 0.000000e+00 0.000000e+00 0.000000e+00
17 0.000000e+00  0.000000e+00  0 0.000000e+00 0.000000e+00 0.000000e+00
18 0.000000e+00  0.000000e+00  0 0.000000e+00 0.000000e+00 0.000000e+00
19 0.000000e+00  0.000000e+00  0 0.000000e+00 0.000000e+00 0.000000e+00
20 0.000000e+00  0.000000e+00  0 0.000000e+00 0.000000e+00 0.000000e+00

$IMPR_max_copy
      NM BFGS CG LB  SANN TOTAL
1  0.002    0  0  0 0.003     0
2  0.000    0  0  0 0.000     0
3  0.000    0  0  0 0.000     0
4  0.000    0  0  0 0.000     0
5  0.000    0  0  0 0.000     0
6  0.000    0  0  0 0.000     0
7  0.000    0  0  0 0.000     0
8  0.000    0  0  0 0.000     0
9  0.000    0  0  0 0.000     0
10 0.000    0  0  0 0.000     0
11 0.000    0  0  0 0.000     0
12 0.000    0  0  0 0.000     0
13 0.000    0  0  0 0.000     0
14 0.000    0  0  0 0.000     0
15 0.000    0  0  0 0.000     0
16 0.000    0  0  0 0.000     0
17 0.000    0  0  0 0.000     0
18 0.000    0  0  0 0.000     0
19 0.000    0  0  0 0.000     0
20 0.000    0  0  0 0.000     0

$TIME_max
     NM BFGS   CG   LB  SANN
1  0.07 0.04 0.03 0.11 73.27
2  1.64 0.32 0.31 0.91 74.40
3  1.69 0.31 0.33 0.89 81.80
4  1.67 0.33 0.31 0.89 77.45
5  1.69 0.33 0.33 0.90 74.47
6  1.69 0.31 0.33 0.89 79.19
7  1.69 0.31 0.31 0.88 77.81
8  1.69 0.32 0.32 0.89 81.64
9  1.67 0.33 0.31 0.88 79.34
10 1.70 0.32 0.29 0.88 80.06
11 0.44 0.03 0.05 0.05 77.34
12 0.81 0.05 0.05 0.04 79.35
13 1.89 0.34 0.36 0.96 81.18
14 1.86 0.03 0.05 0.05 78.47
15 1.87 0.05 0.04 0.05 81.03
16 1.85 0.04 0.05 0.05 77.87
17 1.86 0.03 0.05 0.05 78.48
18 1.84 0.05 0.05 0.05 77.62
19 1.84 0.05 0.05 0.04 81.61
20 1.88 0.05 0.04 0.03 77.87

$best_par
[1] 146.41916  32.95625

$best_val
[1] 0.006091393

$solve_res
[1] -0.006091393

