$IMPR_max
          NM          BFGS CG           LB                 SANN        TOTAL
1  0.3135119  1.084133e-13  0 3.552714e-15              NOT RUN 3.135119e-01
2  0.0000000  0.000000e+00  0 5.959122e-13 1.21846976952611e-13 7.177592e-13
3  0.0000000  0.000000e+00  0 0.000000e+00     731.423322104015 7.314233e+02
4  0.0000000 -5.456968e-12  0 0.000000e+00                    0 0.000000e+00
5  0.0000000 -5.456968e-12  0 0.000000e+00                    0 0.000000e+00
6  0.0000000 -5.456968e-12  0 0.000000e+00                    0 0.000000e+00
7  0.0000000 -5.456968e-12  0 0.000000e+00                    0 0.000000e+00
8  0.0000000 -5.456968e-12  0 0.000000e+00                    0 0.000000e+00
9  0.0000000 -5.456968e-12  0 0.000000e+00                    0 0.000000e+00
10 0.0000000 -5.456968e-12  0 0.000000e+00                    0 0.000000e+00
11 0.0000000 -5.456968e-12  0 0.000000e+00                    0 0.000000e+00
12 0.0000000 -5.456968e-12  0 0.000000e+00                    0 0.000000e+00
13 0.0000000 -5.456968e-12  0 0.000000e+00                    0 0.000000e+00
14 0.0000000 -5.456968e-12  0 0.000000e+00                    0 0.000000e+00
15 0.0000000 -5.456968e-12  0 0.000000e+00                    0 0.000000e+00
16 0.0000000 -5.456968e-12  0 0.000000e+00                    0 0.000000e+00
17 0.0000000 -5.456968e-12  0 0.000000e+00                    0 0.000000e+00
18 0.0000000 -5.456968e-12  0 0.000000e+00                    0 0.000000e+00
19 0.0000000 -5.456968e-12  0 0.000000e+00                    0 0.000000e+00
20 0.0000000 -5.456968e-12  0 0.000000e+00                    0 0.000000e+00

$IMPR_max_copy
      NM BFGS CG LB    SANN   TOTAL
1  0.314    0  0  0 NOT RUN   0.314
2  0.000    0  0  0       0   0.000
3  0.000    0  0  0 731.423 731.423
4  0.000    0  0  0       0   0.000
5  0.000    0  0  0       0   0.000
6  0.000    0  0  0       0   0.000
7  0.000    0  0  0       0   0.000
8  0.000    0  0  0       0   0.000
9  0.000    0  0  0       0   0.000
10 0.000    0  0  0       0   0.000
11 0.000    0  0  0       0   0.000
12 0.000    0  0  0       0   0.000
13 0.000    0  0  0       0   0.000
14 0.000    0  0  0       0   0.000
15 0.000    0  0  0       0   0.000
16 0.000    0  0  0       0   0.000
17 0.000    0  0  0       0   0.000
18 0.000    0  0  0       0   0.000
19 0.000    0  0  0       0   0.000
20 0.000    0  0  0       0   0.000

$TIME_max
     NM BFGS   CG   LB             SANN
1  0.37 0.08 0.03 0.14          NOT RUN
2  0.47 0.13 0.06 0.80 88.3699999999999
3  0.39 0.11 0.03 0.36           110.91
4  0.98 0.38 0.47 1.06           112.34
5  0.91 0.42 0.38 1.01           111.86
6  0.99 0.37 0.44 1.06           110.49
7  0.96 0.38 0.42 1.08           110.72
8  0.92 0.42 0.38 1.06 110.889999999999
9  0.94 0.37 0.46 1.03           109.93
10 0.93 0.43 0.39 1.05           109.59
11 0.97 0.44 0.38 1.10           110.25
12 0.92 0.37 0.40 1.02 111.280000000001
13 0.99 0.35 0.47 1.05 112.139999999999
14 0.91 0.37 0.47 1.03           110.08
15 0.95 0.41 0.37 1.05 110.970000000001
16 0.92 0.46 0.35 1.08           108.66
17 1.05 0.43 0.36 1.02 109.809999999999
18 0.97 0.42 0.41 1.03           112.48
19 0.94 0.38 0.45 1.06 109.559999999999
20 0.97 0.41 0.42 1.08 110.619999999999

$best_par
[1] 157.9967730   0.6947617

$best_ab
[1] 157.9968 160.0000

$best_val
[1] 731.7368

$solve_res
[1] -731.7368

