$IMPR_max
            NM BFGS CG LB         SANN        TOTAL
1  0.007769536    0  0  0 2.318458e-15 0.000000e+00
2  0.000000000    0  0  0 1.330533e-15 1.330533e-15
3  0.000000000    0  0  0 0.000000e+00 0.000000e+00
4  0.000000000    0  0  0 0.000000e+00 0.000000e+00
5  0.000000000    0  0  0 0.000000e+00 0.000000e+00
6  0.000000000    0  0  0 0.000000e+00 0.000000e+00
7  0.000000000    0  0  0 0.000000e+00 0.000000e+00
8  0.000000000    0  0  0 6.711645e-15 6.711645e-15
9  0.000000000    0  0  0 0.000000e+00 0.000000e+00
10 0.000000000    0  0  0 0.000000e+00 0.000000e+00
11 0.000000000    0  0  0 0.000000e+00 0.000000e+00
12 0.000000000    0  0  0 0.000000e+00 0.000000e+00
13 0.000000000    0  0  0 0.000000e+00 0.000000e+00
14 0.000000000    0  0  0 0.000000e+00 0.000000e+00
15 0.000000000    0  0  0 0.000000e+00 0.000000e+00
16 0.000000000    0  0  0 0.000000e+00 0.000000e+00
17 0.000000000    0  0  0 0.000000e+00 0.000000e+00
18 0.000000000    0  0  0 0.000000e+00 0.000000e+00
19 0.000000000    0  0  0 0.000000e+00 0.000000e+00
20 0.000000000    0  0  0 0.000000e+00 0.000000e+00

$IMPR_max_copy
      NM BFGS CG LB SANN TOTAL
1  0.008    0  0  0    0     0
2  0.000    0  0  0    0     0
3  0.000    0  0  0    0     0
4  0.000    0  0  0    0     0
5  0.000    0  0  0    0     0
6  0.000    0  0  0    0     0
7  0.000    0  0  0    0     0
8  0.000    0  0  0    0     0
9  0.000    0  0  0    0     0
10 0.000    0  0  0    0     0
11 0.000    0  0  0    0     0
12 0.000    0  0  0    0     0
13 0.000    0  0  0    0     0
14 0.000    0  0  0    0     0
15 0.000    0  0  0    0     0
16 0.000    0  0  0    0     0
17 0.000    0  0  0    0     0
18 0.000    0  0  0    0     0
19 0.000    0  0  0    0     0
20 0.000    0  0  0    0     0

$TIME_max
     NM BFGS   CG   LB  SANN
1  0.19 0.04 0.04 1.12 70.91
2  0.03 0.09 0.03 0.77 87.53
3  0.03 0.11 0.05 0.94 77.09
4  0.03 0.06 0.03 0.75 69.91
5  0.03 0.06 0.05 0.74 69.20
6  0.03 0.08 0.04 0.74 69.69
7  0.01 0.08 0.05 0.84 70.47
8  0.02 0.07 0.05 0.75 71.59
9  0.02 0.08 0.04 0.79 70.23
10 0.02 0.07 0.05 0.75 69.55
11 0.01 0.08 0.05 0.75 69.81
12 0.02 0.07 0.04 0.77 72.09
13 0.03 0.06 0.05 0.77 70.95
14 0.03 0.06 0.05 0.78 69.49
15 0.03 0.08 0.04 0.75 69.53
16 0.04 0.06 0.04 0.75 70.29
17 0.03 0.06 0.03 0.76 70.05
18 0.01 0.07 0.04 0.75 70.58
19 0.03 0.08 0.03 0.77 70.00
20 0.03 0.06 0.05 0.75 70.01

$best_par
[1]  0.04352188 61.10431802

$best_ab
[1] 4.352188e-02 3.445626e+26

$best_val
[1] 0.007769536

$solve_res
[1] -0.007769536

