$IMPR_max
             NM          BFGS           CG            LB         SANN
1  8.004096e-04  0.000000e+00 0.000000e+00  0.000000e+00 0.0003957852
2  4.701779e-07  8.701677e-14 5.720836e-14 -6.809397e-14 0.0013254887
3  0.000000e+00 -6.703693e-12 0.000000e+00  0.000000e+00 0.0000000000
4  0.000000e+00 -6.703693e-12 0.000000e+00  0.000000e+00 0.0000000000
5  0.000000e+00 -6.703693e-12 0.000000e+00  0.000000e+00 0.0000000000
6  0.000000e+00 -6.703693e-12 0.000000e+00  0.000000e+00 0.0000000000
7  0.000000e+00 -6.703693e-12 0.000000e+00  0.000000e+00 0.0000000000
8  0.000000e+00 -6.703693e-12 0.000000e+00  0.000000e+00 0.0000000000
9  0.000000e+00 -6.703693e-12 0.000000e+00  0.000000e+00 0.0000000000
10 0.000000e+00 -6.703693e-12 0.000000e+00  0.000000e+00 0.0000000000
11 0.000000e+00 -6.703693e-12 0.000000e+00  0.000000e+00 0.0000000000
12 0.000000e+00 -6.703693e-12 0.000000e+00  0.000000e+00 0.0000000000
13 0.000000e+00 -6.703693e-12 0.000000e+00  0.000000e+00 0.0000000000
14 0.000000e+00 -6.703693e-12 0.000000e+00  0.000000e+00 0.0023643491
15 1.762653e-14  1.513113e-14 1.326109e-14  0.000000e+00 0.0000000000
16 0.000000e+00 -4.151887e-14 0.000000e+00  0.000000e+00 0.0000000000
17 0.000000e+00 -4.151887e-14 0.000000e+00  0.000000e+00 0.0000000000
18 0.000000e+00 -4.151887e-14 0.000000e+00  0.000000e+00 0.0000000000
19 0.000000e+00 -4.151887e-14 0.000000e+00  0.000000e+00 0.0000000000
20 0.000000e+00 -4.151887e-14 0.000000e+00  0.000000e+00 0.0000000000
          TOTAL
1  0.000000e+00
2  1.325959e-03
3  0.000000e+00
4  0.000000e+00
5  0.000000e+00
6  0.000000e+00
7  0.000000e+00
8  0.000000e+00
9  0.000000e+00
10 0.000000e+00
11 0.000000e+00
12 0.000000e+00
13 0.000000e+00
14 2.364349e-03
15 4.601874e-14
16 0.000000e+00
17 0.000000e+00
18 0.000000e+00
19 0.000000e+00
20 0.000000e+00

$IMPR_max_copy
      NM BFGS CG LB  SANN TOTAL
1  0.001    0  0  0 0.000 0.000
2  0.000    0  0  0 0.001 0.001
3  0.000    0  0  0 0.000 0.000
4  0.000    0  0  0 0.000 0.000
5  0.000    0  0  0 0.000 0.000
6  0.000    0  0  0 0.000 0.000
7  0.000    0  0  0 0.000 0.000
8  0.000    0  0  0 0.000 0.000
9  0.000    0  0  0 0.000 0.000
10 0.000    0  0  0 0.000 0.000
11 0.000    0  0  0 0.000 0.000
12 0.000    0  0  0 0.000 0.000
13 0.000    0  0  0 0.000 0.000
14 0.000    0  0  0 0.002 0.002
15 0.000    0  0  0 0.000 0.000
16 0.000    0  0  0 0.000 0.000
17 0.000    0  0  0 0.000 0.000
18 0.000    0  0  0 0.000 0.000
19 0.000    0  0  0 0.000 0.000
20 0.000    0  0  0 0.000 0.000

$TIME_max
     NM BFGS   CG   LB   SANN
1  1.30 0.06 0.05 0.82  79.50
2  1.80 0.19 4.12 0.96 102.28
3  0.36 0.22 0.21 0.72  94.72
4  0.38 0.23 0.22 0.72  93.53
5  0.36 0.25 0.22 0.84  96.69
6  0.37 0.29 0.25 0.73  99.05
7  0.40 0.24 0.23 0.72  98.31
8  0.38 0.23 0.22 0.74  94.93
9  0.38 0.23 0.25 0.74  96.14
10 0.47 0.34 0.33 0.87 104.02
11 0.37 0.22 0.32 1.03  96.82
12 0.61 0.32 0.25 0.86  99.00
13 0.50 0.32 0.33 1.06  92.85
14 0.44 0.26 0.25 0.72  91.39
15 0.75 0.16 0.81 0.95  88.60
16 0.59 0.19 0.22 0.89  99.06
17 0.59 0.21 0.22 0.92  89.98
18 0.74 0.32 0.32 0.97  99.42
19 0.72 0.26 0.27 0.98  96.11
20 0.61 0.20 0.22 0.94  79.48

$best_par
[1] 132.00002  18.33198

$best_val
[1] 0.004886503

$solve_res
[1] -0.004886503

