$IMPR_max
             NM          BFGS CG           LB                 SANN        TOTAL
1  7.831987e-02  3.039236e-15  0 8.007484e-15              NOT RUN 7.831987e-02
2  0.000000e+00  0.000000e+00  0 0.000000e+00 1.41441025558464e-12 1.414410e-12
3  0.000000e+00  0.000000e+00  0 0.000000e+00 2.52928233912542e-12 2.529282e-12
4  0.000000e+00  6.274065e-12  0 0.000000e+00                    0 6.274065e-12
5  0.000000e+00 -2.224054e-13  0 0.000000e+00                    0 0.000000e+00
6  0.000000e+00 -2.224054e-13  0 0.000000e+00                    0 0.000000e+00
7  0.000000e+00 -2.224054e-13  0 0.000000e+00                    0 0.000000e+00
8  0.000000e+00 -2.224054e-13  0 0.000000e+00     1450.34185823277 1.450342e+03
9  4.906724e-10  0.000000e+00  0 0.000000e+00                    0 4.906724e-10
10 0.000000e+00  0.000000e+00  0 0.000000e+00                    0 0.000000e+00
11 0.000000e+00  0.000000e+00  0 0.000000e+00                    0 0.000000e+00
12 0.000000e+00  0.000000e+00  0 0.000000e+00                    0 0.000000e+00
13 0.000000e+00  0.000000e+00  0 0.000000e+00                    0 0.000000e+00
14 0.000000e+00  0.000000e+00  0 0.000000e+00 1.97132976609282e-10 1.971330e-10
15 0.000000e+00  0.000000e+00  0 0.000000e+00 3.08318703901023e-10 3.083187e-10
16 0.000000e+00 -6.607479e-10  0 0.000000e+00                    0 0.000000e+00
17 0.000000e+00 -6.607479e-10  0 0.000000e+00                    0 0.000000e+00
18 0.000000e+00 -6.607479e-10  0 0.000000e+00                    0 0.000000e+00
19 0.000000e+00 -6.607479e-10  0 0.000000e+00 1.00637271316373e-06 1.006373e-06
20 0.000000e+00  1.912024e-07  0 0.000000e+00                    0 1.912024e-07

$IMPR_max_copy
      NM BFGS CG LB     SANN    TOTAL
1  0.078    0  0  0  NOT RUN    0.078
2  0.000    0  0  0        0    0.000
3  0.000    0  0  0        0    0.000
4  0.000    0  0  0        0    0.000
5  0.000    0  0  0        0    0.000
6  0.000    0  0  0        0    0.000
7  0.000    0  0  0        0    0.000
8  0.000    0  0  0 1450.342 1450.342
9  0.000    0  0  0        0    0.000
10 0.000    0  0  0        0    0.000
11 0.000    0  0  0        0    0.000
12 0.000    0  0  0        0    0.000
13 0.000    0  0  0        0    0.000
14 0.000    0  0  0        0    0.000
15 0.000    0  0  0        0    0.000
16 0.000    0  0  0        0    0.000
17 0.000    0  0  0        0    0.000
18 0.000    0  0  0        0    0.000
19 0.000    0  0  0        0    0.000
20 0.000    0  0  0        0    0.000

$TIME_max
     NM BFGS   CG   LB             SANN
1  0.25 0.06 0.03 0.53          NOT RUN
2  0.43 0.12 0.06 0.89 82.3799999999992
3  0.28 0.09 0.05 0.77 88.6099999999997
4  0.28 0.09 0.06 0.82 83.0700000000006
5  0.33 0.17 0.05 0.80 85.6999999999998
6  0.31 0.14 0.05 0.80 83.3400000000001
7  0.30 0.17 0.05 0.79 84.1299999999992
8  0.33 0.14 0.06 0.80 136.339999999999
9  1.08 0.52 0.48 1.27           127.29
10 1.11 0.49 0.46 1.24           123.92
11 1.02 0.43 0.47 1.24           120.95
12 1.03 0.44 0.47 1.20           117.99
13 1.10 0.46 0.42 1.19           115.28
14 1.00 0.44 0.45 1.09           113.94
15 0.89 0.42 0.39 1.10           113.75
16 1.00 0.42 0.39 1.08           112.65
17 1.05 0.44 0.40 1.11           112.07
18 1.00 0.37 0.42 1.10           112.04
19 0.99 0.40 0.40 1.06 111.089999999999
20 0.79 0.38 0.42 1.09           112.86

$best_par
[1] 148.7702850   0.2068626

$best_ab
[1] 148.7703 150.0001

$best_val
[1] 1450.42

$solve_res
[1] -1450.42

